36005001900
36005006100
36005006300
36005009600
36005028300
36005039500
36005046201
36047002100
36047003300
36047004300
36047004900
36047005300
36047005800
36047015900
36047019400
36047022200
36047022600
36047036200
36047044900
36047047800
36047048500
36047052900
36047053400
36047054300
36047069800
36061000900
36061001300
36061001502
36061003001
36061003700
36061003900
36061004100
36061004200
36061004300
36061004700
36061004900
36061005200
36061005502
36061005600
36061005800
36061006100
36061006400
36061006500
36061006600
36061007600
36061007800
36061007900
36061008300
36061009800
36061009900
36061011202
36061011500
36061011600
36061011800
36061012000
36061012100
36061012500
36061012900
36061013500
36061013600
36061014900
36061015400
36061015700
36061016800
36061021303
36061022200
36081000100
36081000700
36081001900
36081017100
36081017900
36081020500
36081029700
36081030600
36081032000
36081038302
36081046200
36081053900
36081068300
36081069300
36081087100
36081155102
36085029102
