Tract,Criterion,CSP,CBM,CBM_deltainf
36005001900,MAE , 6.260 , 6.268 , 6.112 
36005001900, MSE , 89.51 , 90.82 , 89.98  
36005006100,MAE , 6.606 , 5.051 , 6.315 
36005006100, MSE , 100.8 , 61.76 , 127.4  
36005006300,MAE , 4.684 , 3.989 , 4.294 
36005006300, MSE , 42.61 , 30.82 , 34.46  
36005009600,MAE , 4.924 , 4.935 , 4.870 
36005009600, MSE , 53.11 , 53.42 , 52.76  
36005028300,MAE , 4.837 , 3.842 , 4.077 
36005028300, MSE , 77.20 , 41.86 , 66.91  
36005039500,MAE , 7.349 , 5.476 , 6.101 
36005039500, MSE , 224.6 , 117.2 , 179  
36005046201,MAE , 7.959 , 8.468 , 7.955 
36005046201, MSE , 182.3 , 199.2 , 192.7  
36047002100,MAE , 7.863 , 7.787 , 7.679 
36047002100, MSE , 128.3 , 149.2 , 148.5  
36047003300,MAE , 7.077 , 5.262 , 5.907 
36047003300, MSE , 120.6 , 65.84 , 76.65  
36047004300,MAE , 9.462 , 4.220 , 7.929 
36047004300, MSE , 300.9 , 36.18 , 117.3  
36047004900,MAE , 6.378 , 5.115 , 6.447 
36047004900, MSE , 139.5 , 71.13 , 130.3  
36047005300,MAE , 6.217 , 6.044 , 5.969 
36047005300, MSE , 86.71 , 86.93 , 87.56  
36047005800,MAE , 3.649 , 2.805 , 3.176 
36047005800, MSE , 76.72 , 21.12 , 26.71  
36047015900,MAE , 5.413 , 3.923 , 5 
36047015900, MSE , 143.9 , 40.94 , 85.86  
36047019400,MAE , 3.969 , 4.068 , 3.927 
36047019400, MSE , 31.97 , 34.42 , 31.67  
36047022200,MAE , 4.463 , 4.299 , 3.846 
36047022200, MSE , 153.4 , 154.1 , 180.5  
36047022600,MAE , 3.060 , 3.977 , 3.463 
36047022600, MSE , 92.69 , 322.3 , 320.3  
36047036200,MAE , 2.635 , 2.569 , 2.455 
36047036200, MSE , 29.68 , 24.22 , 28.05  
36047044900,MAE , 8.937 , 9.032 , 8.962 
36047044900, MSE , 214 , 239.5 , 240  
36047047800,MAE , 3.628 , 3.005 , 3.003 
36047047800, MSE , 106.1 , 21.07 , 24.36  
36047048500,MAE , 4.891 , 4.943 , 4.899 
36047048500, MSE , 55.10 , 61.84 , 62.66  
36047052900,MAE , 2.744 , 2.912 , 2.765 
36047052900, MSE , 35.10 , 33.31 , 37.83  
36047053400,MAE , 7.291 , 4.800 , 5.700 
36047053400, MSE , 414.6 , 94.26 , 128  
36047054300,MAE , 4.904 , 4.588 , 4.635 
36047054300, MSE , 61.86 , 61.89 , 64.16  
36047069800,MAE , 2.833 , 2.816 , 2.886 
36047069800, MSE , 19.48 , 20.03 , 19.82  
36061000900,MAE , 19.72 , 19.26 , 19.29 
36061000900, MSE , 610.2 , 585.1 , 585.9  
36061001300,MAE , 17.07 , 16.61 , 16.70 
36061001300, MSE , 621 , 727.1 , 727.8  
36061001502,MAE , 13.39 , 12.74 , 12.75 
36061001502, MSE , 315.4 , 290.5 , 290  
36061003001,MAE , 3.565 , 3.131 , 3.310 
36061003001, MSE , 29.37 , 21.39 , 25.32  
36061003700,MAE , 15.08 , 15.67 , 15.55 
36061003700, MSE , 508.9 , 553.5 , 549.7  
36061003900,MAE , 11.14 , 11.95 , 11.88 
36061003900, MSE , 367.4 , 572.1 , 569.8  
36061004100,MAE , 6.019 , 5.452 , 5.587 
36061004100, MSE , 103.1 , 63.06 , 65.78  
36061004200,MAE , 3.960 , 3.372 , 3.585 
36061004200, MSE , 31.84 , 20.31 , 23.33  
36061004300,MAE , 9.725 , 10.02 , 9.519 
36061004300, MSE , 190.3 , 191.7 , 182.5  
36061004700,MAE , 6.823 , 6.019 , 6.292 
36061004700, MSE , 102.9 , 82.96 , 86.09  
36061004900,MAE , 8.750 , 8.473 , 8.501 
36061004900, MSE , 201.6 , 182.6 , 185.8  
36061005200,MAE , 15.83 , 16.38 , 16.35 
36061005200, MSE , 539.4 , 535.6 , 534.4  
36061005502,MAE , 6.214 , 6.121 , 6.129 
36061005502, MSE , 105.6 , 111.5 , 112.3  
36061005600,MAE , 12.09 , 11.31 , 11.33 
36061005600, MSE , 287.9 , 261.1 , 262.1  
36061005800,MAE , 14.98 , 16.03 , 15.87 
36061005800, MSE , 504.3 , 551.3 , 550.3  
36061006100,MAE , 8.084 , 7.432 , 7.554 
36061006100, MSE , 135.6 , 110.3 , 112.6  
36061006400,MAE , 6.344 , 5.557 , 5.730 
36061006400, MSE , 97.70 , 71.79 , 88.41  
36061006500,MAE , 8.010 , 7.770 , 7.817 
36061006500, MSE , 149.5 , 130.1 , 133.5  
36061006600,MAE , 4.569 , 4.091 , 4.266 
36061006600, MSE , 42.85 , 31.88 , 33.93  
36061007600,MAE , 22.10 , 23.64 , 23.62 
36061007600, MSE , 904.4 , 1060 , 1060  
36061007800,MAE , 24 , 16.96 , 20.72 
36061007800, MSE , 1550 , 831.7 , 1124  
36061007900,MAE , 5.495 , 5.307 , 5.319 
36061007900, MSE , 61.18 , 55.60 , 56.18  
36061008300,MAE , 9.996 , 11.33 , 10.90 
36061008300, MSE , 209.3 , 315.2 , 306.5  
36061009800,MAE , 8.079 , 7.719 , 7.783 
36061009800, MSE , 147.5 , 144.4 , 146.4  
36061009900,MAE , 20.83 , 21.97 , 20.59 
36061009900, MSE , 1126 , 1314 , 1256  
36061011202,MAE , 11.52 , 13.45 , 13.05 
36061011202, MSE , 290.1 , 423.8 , 414.8  
36061011500,MAE , 9.543 , 8.380 , 8.722 
36061011500, MSE , 200.4 , 155.8 , 162.3  
36061011600,MAE , 16.08 , 18.21 , 17.36 
36061011600, MSE , 1438 , 1254 , 1221  
36061011800,MAE , 4.698 , 4.367 , 4.498 
36061011800, MSE , 46.34 , 42.48 , 44.03  
36061012000,MAE , 5.118 , 4.617 , 4.831 
36061012000, MSE , 60.13 , 44.60 , 48.16  
36061012100,MAE , 15.16 , 12.54 , 13.52 
36061012100, MSE , 767.1 , 342.3 , 387  
36061012500,MAE , 19.27 , 16.76 , 16.82 
36061012500, MSE , 1082 , 728.8 , 730.5  
36061012900,MAE , 17.04 , 12.05 , 12.14 
36061012900, MSE , 753.5 , 347.6 , 369.6  
36061013500,MAE , 6.484 , 5.741 , 6.045 
36061013500, MSE , 78.54 , 61.43 , 65.07  
36061013600,MAE , 4.614 , 4.226 , 4.423 
36061013600, MSE , 38.74 , 32.02 , 35.68  
36061014900,MAE , 6.847 , 6.335 , 6.468 
36061014900, MSE , 86.15 , 76.82 , 78.61  
36061015400,MAE , 7.441 , 6.468 , 6.729 
36061015400, MSE , 134.2 , 86.65 , 98.46  
36061015700,MAE , 5.881 , 4.951 , 5.199 
36061015700, MSE , 75.42 , 52.35 , 58.65  
36061016800,MAE , 10.89 , 9.688 , 9.717 
36061016800, MSE , 308.9 , 215.8 , 218.6  
36061021303,MAE , 2.801 , 2.338 , 2.462 
36061021303, MSE , 19.18 , 11.98 , 15.85  
36061022200,MAE , 3.995 , 3.790 , 3.920 
36061022200, MSE , 29.54 , 27.57 , 29.38  
36081000100,MAE , 7.206 , 6.984 , 7.134 
36081000100, MSE , 98.59 , 93.34 , 95.63  
36081000700,MAE , 5.435 , 4.692 , 5.161 
36081000700, MSE , 64.76 , 47.95 , 54.41  
36081001900,MAE , 12.51 , 10.15 , 10.40 
36081001900, MSE , 333.4 , 208.9 , 218.5  
36081017100,MAE , 6.576 , 6.152 , 6.339 
36081017100, MSE , 83.48 , 72.21 , 76.29  
36081017900,MAE , 18.51 , 16.87 , 17.41 
36081017900, MSE , 1019 , 620.9 , 649.3  
36081020500,MAE , 5.284 , 5.200 , 5.264 
36081020500, MSE , 50.12 , 47.91 , 49.14  
36081029700,MAE , 5.192 , 4.232 , 4.826 
36081029700, MSE , 57.34 , 38.66 , 48.68  
36081030600,MAE , 3.419 , 3.399 , 3.397 
36081030600, MSE , 25.64 , 27.12 , 27.78  
36081032000,MAE , 4.843 , 4.892 , 4.936 
36081032000, MSE , 61.25 , 63.49 , 63.43  
36081038302,MAE , 6.500 , 4.888 , 6.137 
36081038302, MSE , 96.19 , 57.51 , 70.38  
36081046200,MAE , 4.672 , 4.887 , 4.751 
36081046200, MSE , 56.42 , 51.99 , 51.92  
36081053900,MAE , 4.405 , 3.300 , 3.908 
36081053900, MSE , 53.43 , 22.71 , 29.37  
36081068300,MAE , 5.933 , 5.843 , 5.962 
36081068300, MSE , 61.82 , 61.32 , 62.36  
36081069300,MAE , 4.188 , 4.614 , 4.231 
36081069300, MSE , 43.48 , 52.37 , 52.79  
36081087100,MAE , 4.829 , 5.147 , 5.247 
36081087100, MSE , 51.89 , 116 , 116.1  
36081155102,MAE , 6.898 , 6.334 , 7.054 
36081155102, MSE , 148.8 , 162.6 , 173  
36085029102,MAE , 3.773 , 4.816 , 4.806 
36085029102, MSE , 50.37 , 128.7 , 129.2  
